3.7330667210375951e-01
4.0577718566416293e-01
4.7406947299809393e-01
5.4766640601262917e-01
6.2316727733966970e-01
6.9591827338001389e-01
7.6025463661013926e-01
8.0711797199993740e-01
8.3199032129420691e-01
8.3697855627569073e-01
8.2538388913975491e-01
8.0184546677819801e-01
7.7133931493726327e-01
7.3769630807133890e-01
7.0222295256408229e-01
6.6400882822416041e-01
6.2166739007893379e-01
5.7444380078955848e-01
5.2259789849015714e-01
4.6795562258901174e-01
4.1376762968966002e-01
3.6266645244090279e-01
3.1617932473687044e-01
2.7524925880624762e-01
2.4029441431516949e-01
2.1213104808257202e-01
1.9001598974556119e-01
1.7299370150056001e-01
1.6068404039801981e-01
1.5265285334536347e-01
1.4835364384786517e-01
1.4708129516861551e-01
1.4720114831986691e-01
1.4761995259836405e-01
1.4811952402314685e-01
1.4877926040819073e-01
1.4963829602717571e-01
1.4997406394862212e-01
1.4935184955937356e-01
1.4830997193130299e-01
1.4766712344905347e-01
1.4793835294014765e-01
1.4895923162841318e-01
1.4957313907475250e-01
1.4935048331184977e-01
1.4882853532924450e-01
1.4860830764361782e-01
1.4902783173173892e-01
1.5009164271426717e-01
1.5223031331948214e-01
1.5633181457664144e-01
1.6336996511484847e-01
1.7414531378112713e-01
1.8924092458905592e-01
2.0903699968777179e-01
2.3466926444595282e-01
2.6529729244344047e-01
2.9999481483879770e-01
3.3760092430817618e-01
3.7644390244445447e-01
4.1435748567316300e-01
4.4741195574893566e-01
4.7405775315605397e-01
4.9430747544776588e-01
5.0919002481253328e-01
5.2040932594747780e-01
5.2993573701724928e-01
5.3916810425174366e-01
5.4767514821594976e-01
5.5404044960434173e-01
5.5695956653043355e-01
5.5574321482405742e-01
5.5071150912637545e-01
5.4425018239136203e-01
5.4033710697963100e-01
5.4178480613326152e-01
5.5050365225472830e-01
5.6752171039293575e-01
5.9288022563524212e-01
6.2620970097348161e-01
6.6319157518307215e-01
7.0125089390261153e-01
7.3883854405355687e-01
7.7537490294769496e-01
8.1138559296576085e-01
8.4885934053747536e-01
8.8796029107080854e-01
9.2660893063043248e-01
9.6113690980007005e-01
9.8699175804475214e-01
9.9944001700817198e-01
9.9176352065850593e-01
9.7039842346212546e-01
9.4110532316472018e-01
9.1007753316105400e-01
8.8325757980356434e-01
8.6552081611925524e-01
8.6242485761563814e-01
8.6972432381879616e-01
8.8373263910404132e-01
8.9997413875842314e-01
9.1382557081204574e-01
9.2127049267714278e-01
9.1881836859530575e-01
9.1107109800109587e-01
9.0163521413012049e-01
8.9368742271901647e-01
8.8948650366958160e-01
8.8989807034943191e-01
8.9416970597131296e-01
8.9909941331113852e-01
9.0335928948798228e-01
9.0622355305877988e-01
9.0739948403858972e-01
9.0681450868674995e-01
9.0403001538810790e-01
8.9977770055230544e-01
8.9499705788848571e-01
8.9088408990571555e-01
8.8855194353270350e-01
8.8866039255939433e-01
8.9072470110459256e-01
8.9255122140650922e-01
8.9317846284301772e-01
8.9247841477935985e-01
8.9103565288632569e-01
8.8999268086686634e-01
8.9038611719767824e-01
8.9127817199264459e-01
8.9145344994100961e-01
8.9000234220993035e-01
8.8659422081052841e-01
8.8175343937464679e-01
8.7683766297590870e-01
8.7254566474460316e-01
8.6830966470443838e-01
8.6318838574469248e-01
8.5628264061901460e-01
8.4724136220552937e-01
8.3709252517038357e-01
8.2809712543219871e-01
8.2139042273570118e-01
8.1725707586268792e-01
8.1513323108472768e-01
8.1353452272184379e-01
8.1039843636010978e-01
8.0509669507317005e-01
7.9806599254362665e-01
7.9022047283674901e-01
7.8269220044696686e-01
7.7668712706531740e-01
7.7311288919851184e-01
7.7154139223018958e-01
7.7157274688809552e-01
7.7271193329049670e-01
7.7443473598759804e-01
7.7621481192097685e-01
7.7759402393110089e-01
7.7842844190968563e-01
7.7870984117479825e-01
7.7850341526413336e-01
7.7792819569900618e-01
7.7714233978752356e-01
7.7632221934785672e-01
7.7559025469589904e-01
7.7496925905815695e-01
7.7443257905859542e-01
7.7390836040479472e-01
7.7324937819047035e-01
7.7225812205987410e-01
7.7082390863960026e-01
7.6886878764434397e-01
7.6636270233644477e-01
7.6332836579861130e-01
7.5984087816704093e-01
7.5609093692701024e-01
7.5236608666329774e-01
7.4887179774783375e-01
7.4579350974396452e-01
7.4328415318377961e-01
7.4151603996350302e-01
7.4053429425241302e-01
7.4014972709295124e-01
7.4022840103641185e-01
7.4060980587977243e-01
7.4111928256929771e-01
7.4154805356610642e-01
7.4171634264723696e-01
7.4155650524809824e-01
7.4104640787566112e-01
7.4019761173644050e-01
7.3904766896623642e-01
7.3762884103100246e-01
7.3597981715316252e-01
7.3411135586136012e-01
7.3194105889112782e-01
7.2932807618930562e-01
7.2607207735378720e-01
7.2171201870779111e-01
7.1916573769882308e-01
