1.8099602023675080e-24
5.7819750536500047e-24
1.8241801256476336e-23
5.6838622525676439e-23
1.7490558894095350e-22
5.3155492738033570e-22
1.5954269641710710e-21
4.7292255311721145e-21
1.3844824074355889e-20
4.0028487091696119e-20
1.1429710451749774e-19
3.2231877183339206e-19
8.9767739447854222e-19
2.4691035074080807e-18
6.7072210909024102e-18
1.7994105666964819e-17
4.7676265427685962e-17
1.2475515776587562e-16
3.2240302563722948e-16
8.2285635247881533e-16
2.0741170519010353e-15
5.1632935402616664e-15
1.2694181055244454e-14
3.0822430282800601e-14
7.3911733442906291e-14
1.7504278523449922e-13
4.0941086196571747e-13
9.4571183602480968e-13
2.1574592752718128e-12
4.8608330723892380e-12
1.0815911519414874e-11
2.3768395362207210e-11
5.1584701079071194e-11
1.1056719497203246e-10
2.3405395486370765e-10
4.8931665046235311e-10
1.0102952770967029e-09
2.0601126536663944e-09
4.1487563949909521e-09
8.2514299736125996e-09
1.6207828034029602e-08
3.1441607381211951e-08
6.0237782864450740e-08
1.1397708233091050e-07
2.1298568274364838e-07
3.9306792285539109e-07
7.1642233257531192e-07
1.2895997649639782e-06
2.2925831364775734e-06
4.0251267442270881e-06
6.9794041113825910e-06
1.1952023767550365e-05
2.0213842130966714e-05
3.3762967392424928e-05
5.5695058877830435e-05
9.0735459679286814e-05
1.4598953942855918e-04
2.3198011074774912e-04
3.6405255445273185e-04
5.6423722161198710e-04
8.6366177842474908e-04
1.3055995340324755e-03
1.9492187976001977e-03
2.8740579043799474e-03
4.1851859129518791e-03
6.0189164422758202e-03
8.5488203762998146e-03
1.1991634640613948e-02
1.6612496496313363e-02
2.2728759590727548e-02
3.0711489910491777e-02
4.0983623687682762e-02
5.4013726711663108e-02
7.0304358301477340e-02
9.0374243045003411e-02
1.1473380990965398e-01
1.4385417675688483e-01
1.7813032286732766e-01
2.1783996194285699e-01
2.6310043622009832e-01
3.1382670871414059e-01
3.6969412959837089e-01
4.3010998521617561e-01
4.9419780705274741e-01
5.6079795484400285e-01
6.2848706910467600e-01
6.9561764615180832e-01
7.6037731658157726e-01
8.2086555644386394e-01
8.7518372274728984e-01
9.2153269641708369e-01
9.5831124472564044e-01
9.8420765321428949e-01
9.9827733221633008e-01
1.0000000000000000e+00
9.8931161642384102e-01
9.6660833436576477e-01
9.3272212899462870e-01
8.8887019520475463e-01
8.3658240421458718e-01
7.7761284511514162e-01
7.1384257128731454e-01
6.4718103320997833e-01
5.7947330794006402e-01
5.1241921796219037e-01
4.4750892472778520e-01
3.8597778617651068e-01
3.2878139896957381e-01
2.7659000717447413e-01
2.2980001378636630e-01
1.8855928969977412e-01
1.5280238571828916e-01
1.2229160777065812e-01
9.6660156233189326e-02
7.5454066260951386e-02
5.8170409857493395e-02
4.4290024112396041e-02
3.3303818264698783e-02
2.4732411149207410e-02
1.8139412016513604e-02
1.3139059266216727e-02
9.3991732780082989e-03
6.6404782548067677e-03
4.6333315669821263e-03
3.1928000337473963e-03
2.1728731682742314e-03
1.4604320427893565e-03
9.6942150007122210e-04
6.3551859156831328e-04
4.1146053924369825e-04
2.6309490643356716e-04
1.6614260196161370e-04
1.0361768699128414e-04
6.3822101108835890e-05
3.8823315395472499e-05
2.3323754464609385e-05
1.3838487311975920e-05
8.1089215202290018e-06
4.6926902952909686e-06
2.6820384946168581e-06
1.5138834427365840e-06
8.4392565551223426e-07
4.6462252279920394e-07
2.5262751249087675e-07
1.3565798166166494e-07
7.1943965986096280e-08
3.7681459620362003e-08
1.9491505176656617e-08
9.9574321611182991e-09
5.0238151735610352e-09
2.5032502523796527e-09
1.2318538984096804e-09
5.9868510628707643e-10
2.8735716106182305e-10
1.3621656140825049e-10
6.3770837380708392e-11
2.9484831141412098e-11
1.3463546926179567e-11
6.0716209404481828e-12
2.7041708702946262e-12
1.1894547598208752e-12
5.1670902273965776e-13
2.2168100425374219e-13
9.3928034267840754e-14
3.9304864649212301e-14
1.6243577878377400e-14
6.6298148968099895e-15
2.6724244081141627e-15
1.0638827677382541e-15
4.1827936261799824e-16
1.6241398373303033e-16
6.2282310984856036e-17
2.3587957505538934e-17
8.8226748289117621e-18
3.2590762968499499e-18
1.1889760337278560e-18
4.2838671271575950e-19
1.5243447571648297e-19
5.3569146781668123e-20
1.8592191132462471e-20
6.3728066147779027e-21
2.1573232431313537e-21
7.2124700655239709e-22
2.3814262861523312e-22
7.7655922059721433e-23
2.5009000585277955e-23
7.9543081399406227e-24
2.4985773780932803e-24
7.7511745060718310e-25
2.3747972846946299e-25
7.1857133947727570e-26
2.1473238956502872e-26
6.3373769674668964e-27
1.8471656488103297e-27
5.3172424622057757e-28
1.5116505391414216e-28
4.2442471004143394e-29
1.1768855655092710e-29
3.2229393297350290e-30
8.7167450230990724e-31
