7.8229571961488275e-29
2.7696064779332933e-28
9.6838821811751059e-28
3.3439921241889011e-27
1.1404212816210635e-26
3.8410476844795629e-26
1.2776691321651796e-25
4.1973136604519538e-25
1.3617856869903653e-24
4.3634542215966671e-24
1.3808178770252938e-23
4.3154560350753108e-23
1.3319910606037052e-22
4.0603198113539576e-22
1.2223722791673787e-21
3.6343860853290324e-21
1.0671929509580580e-20
3.0948467828154552e-20
8.8637944586768086e-20
2.5071742489306279e-19
7.0037990767442673e-19
1.9322670898736931e-18
5.2648372898415570e-18
1.4167299297195641e-17
3.7650738771594323e-17
9.8819864457227886e-17
2.5615292759136715e-16
6.5575062333185584e-16
1.6579156024165390e-15
4.1397150049074503e-15
1.0208520064234365e-14
2.4862193842045577e-14
5.9799895899350097e-14
1.4205146795000719e-13
3.3325397817160080e-13
7.7212795626629561e-13
1.7668005677602134e-12
3.9927314573838153e-12
8.9112164177036967e-12
1.9642112719500228e-11
4.2758624425326704e-11
9.1927102111069852e-11
1.9518558136320407e-10
4.0929478740424497e-10
8.4763525787049285e-10
1.7336687896900482e-09
3.5019308563755061e-09
6.9860762472065796e-09
1.3763959750247178e-08
2.6781678047000387e-08
5.1465535287100189e-08
9.7674123292472934e-08
1.8307408306634573e-07
3.3888982676426665e-07
6.1954736512243251e-07
1.1186000002665045e-06
1.9946166234237157e-06
3.5125973681542767e-06
6.1091617972996982e-06
1.0493471837940519e-05
1.7800864470030365e-05
2.9822723654621839e-05
4.9344395523967725e-05
8.0632974398613035e-05
1.3012832689122310e-04
2.0740314125470012e-04
3.2646988926042725e-04
5.0752244363980246e-04
7.7920492905676211e-04
1.1814965237648626e-03
1.7692838917339202e-03
2.6166577204925524e-03
3.8219115250224919e-03
5.5131354098424228e-03
7.8541828563386921e-03
1.1050646206533402e-02
1.5355312528269735e-02
2.1072398158850113e-02
2.8559696333226029e-02
3.8227643346704088e-02
5.0534245273442961e-02
6.5974842274846138e-02
8.5065851900647249e-02
1.0832194986014260e-01
1.3622662608087249e-01
1.6919668527159470e-01
2.0754201014458651e-01
2.5142271122740389e-01
3.0080656486658919e-01
3.5543028787661718e-01
4.1476860382787067e-01
4.7801512067705609e-01
5.4407868551473892e-01
6.1159807381251408e-01
6.7897662573726858e-01
7.4443683941966532e-01
8.0609310780659449e-01
8.6203892666222559e-01
9.1044321848983489e-01
9.4964912315600358e-01
9.7826788393605613e-01
9.9526043308364454e-01
1.0000000000000000e+00
9.9231048311072168e-01
9.7247731011650662e-01
9.4122985282128979e-01
8.9969690708499972e-01
8.4933902664964633e-01
7.9186336494082488e-01
7.2912793950428312e-01
6.6304277627639974e-01
5.9547519281966454e-01
5.2816560748762353e-01
4.6265885674026042e-01
4.0025425833592432e-01
3.4197578896929920e-01
2.8856195892294789e-01
2.4047343843927094e-01
1.9791534477070505e-01
1.6087039919963736e-01
1.2913891407455205e-01
1.0238172416038545e-01
8.0162650119173631e-02
6.1987769824866208e-02
4.7339566377518134e-02
3.5704820795370094e-02
2.6595842848207867e-02
1.9565230864211705e-02
1.4214792152424818e-02
1.0199534920144269e-02
7.2277736400360726e-03
5.0583984389785596e-03
3.4962770950155001e-03
2.3866183397185511e-03
1.6089569366015475e-03
1.0712483983794957e-03
7.0440149509872862e-04
4.5744056125053491e-04
2.9338195007086221e-04
1.8583025777629545e-04
1.1624754395832023e-04
7.1818356261799422e-05
4.3819907282746099e-05
2.6405340121759399e-05
1.5714349060216762e-05
9.2360301943688162e-06
5.3611580486991841e-06
3.0733795372059627e-06
1.7400354587705765e-06
9.7293610471692374e-07
5.3727280638995539e-07
2.9301490852951054e-07
1.5782249109156577e-07
8.3952259390706318e-08
4.4104225671891122e-08
2.2882966928277869e-08
1.1725430112873110e-08
5.9337541758990636e-09
2.9656140908423220e-09
1.4638077461357466e-09
7.1357193997512679e-10
3.4353880837057373e-10
1.6334211109687064e-10
7.6701673916396443e-11
3.5570980620595101e-11
1.6291878113568209e-11
7.3693771751348864e-12
3.2921130158681744e-12
1.4524560671524610e-12
6.3287157862883308e-13
2.7234066801211977e-13
1.1574273020276449e-13
4.8580196257392498e-14
2.0137665641268653e-14
8.2441010188850049e-15
3.3332032922304277e-15
1.3309588175497350e-15
5.2487000148352086e-16
2.0441991529707160e-16
7.8628316033586774e-17
2.9868888622698190e-17
1.1205815576164984e-17
4.1519507767636767e-18
1.5193059543820869e-18
5.4906353521304861e-19
1.9596760384309511e-19
6.9076493110959767e-20
2.4046983097337598e-20
8.2675196047991350e-21
2.8072053768840070e-21
9.4136372502259153e-22
3.1176334264547323e-22
1.0197106560499257e-22
3.2939210420811369e-23
1.0508330652132146e-23
3.3108430468335525e-24
1.0302147769375729e-24
3.1659297577271921e-25
9.6085774103269504e-26
2.8800579742553736e-26
