1.7657109958412281e-01
1.7657356358551846e-01
1.7657669381669278e-01
1.7658065880789811e-01
1.7658566649455498e-01
1.7659197258029144e-01
1.7659989046297558e-01
1.7660980296601370e-01
1.7662217614358369e-01
1.7663757545527409e-01
1.7665668463214482e-01
1.7668032758170593e-01
1.7670949370271893e-01
1.7674536700087060e-01
1.7678935941184437e-01
1.7684314874751272e-01
1.7690872168206970e-01
1.7698842218590452e-01
1.7708500579368663e-01
1.7720170005715835e-01
1.7734227148007159e-01
1.7751109916009233e-01
1.7771325526788997e-01
1.7795459237472011e-01
1.7824183749452654e-01
1.7858269253321346e-01
1.7898594063504944e-01
1.7946155768357919e-01
1.8002082795214630e-01
1.8067646260833908e-01
1.8144271945963075e-01
1.8233552198772301e-01
1.8337257536152773e-01
1.8457347674972974e-01
1.8595981688142021e-01
1.8755526943690728e-01
1.8938566450159156e-01
1.9147904199630009e-01
1.9386568072156821e-01
1.9657809843599963e-01
1.9965101824573225e-01
2.0312129652928204e-01
2.0702780767563070e-01
2.1141128108871332e-01
2.1631408622257281e-01
2.2177996187057691e-01
2.2785368654886412e-01
2.3458068759491779e-01
2.4200658754920421e-01
2.5017668749888422e-01
2.5913538833025007e-01
2.6892555224764914e-01
2.7958780845216691e-01
2.9115980850805567e-01
3.0367543862757801e-01
3.1716399783851495e-01
3.3164935272073653e-01
3.4714908106205772e-01
3.6367361833867984e-01
3.8122542231912626e-01
3.9979817226912712e-01
4.1937602014562053e-01
4.3993291176065069e-01
4.6143199612467456e-01
4.8382514100412188e-01
5.0705257211864485e-01
5.3104265233790304e-01
5.5571181570589201e-01
5.8096466912541878e-01
6.0669427209257965e-01
6.3278260201144931e-01
6.5910120938725436e-01
6.8551206365053730e-01
7.1186858657658936e-01
7.3801686631658958e-01
7.6379704104187884e-01
7.8904483722031404e-01
8.1359324369789410e-01
8.3727429915549600e-01
8.5992096725353928e-01
8.8136907096551442e-01
9.0145925532497684e-01
9.2003894614860737e-01
9.3696427131459903e-01
9.5210191091822172e-01
9.6533084312319417e-01
9.7654395378618053e-01
9.8564947993882968e-01
9.9257225993231968e-01
9.9725476642772337e-01
9.9965790237655860e-01
9.9976154458713185e-01
9.9756482430646820e-01
9.9308613934582068e-01
9.8636289751304673e-01
9.7745099635635502e-01
9.6642404933976944e-01
9.5337237343360182e-01
9.3840175759353639e-01
9.2163203561111662e-01
9.0319549025256951e-01
8.8323511838524038e-01
8.6190278886394933e-01
8.3935732627651982e-01
8.1576255421305865e-01
7.9128533153318747e-01
7.6609361418574262e-01
7.4035457353215051e-01
7.1423279990060629e-01
6.8788861733094997e-01
6.6147653224923164e-01
6.3514383523457218e-01
6.0902937121266176e-01
5.8326248943574799e-01
5.5796218059272007e-01
5.3323640443508913e-01
5.0918160749853114e-01
4.8588242692895423e-01
4.6341157315929243e-01
4.4182988128802153e-01
4.2118651852867922e-01
4.0151933306312415e-01
3.8285532805741102e-01
3.6521124349182704e-01
3.4859422780689953e-01
3.3300258115453424e-01
3.1842655223737487e-01
3.0484917128114186e-01
2.9224710256878772e-01
2.8059150112189207e-01
2.6984885949116033e-01
2.5998183216062326e-01
2.5095002672627714e-01
2.4271075272878551e-01
2.3521972075422257e-01
2.2843168612390249e-01
2.2230103313653657e-01
2.1678229737152649e-01
2.1183062498537306e-01
2.0740216921436372e-01
2.0345442542224984e-01
1.9994650699359154e-01
1.9683936516911893e-01
1.9409595655077744e-01
1.9168136247709600e-01
1.8956286479347864e-01
1.8770998272898382e-01
1.8609447565508441e-01
1.8469031645806863e-01
1.8347364012111061e-01
1.8242267190070902e-01
1.8151763921093339e-01
1.8074067101275898e-01
1.8007568815869299e-01
1.7950828777758043e-01
1.7902562441215561e-01
1.7861629025225348e-01
1.7827019644770928e-01
1.7797845714338464e-01
1.7773327755951171e-01
1.7752784714727951e-01
1.7735623858468630e-01
1.7721331314240171e-01
1.7709463274401532e-01
1.7699637886907763e-01
1.7691527829959119e-01
1.7684853558940922e-01
1.7679377203929586e-01
1.7674897088590946e-01
1.7671242835825188e-01
1.7668271021771559e-01
1.7665861337530936e-01
1.7663913216960939e-01
1.7662342888925359e-01
1.7661080813234295e-01
1.7660069461009431e-01
1.7659261402187301e-01
1.7658617665190207e-01
1.7658106336328044e-01
1.7657701369143067e-01
1.7657381576590075e-01
1.7657129781590394e-01
1.7656932104057388e-01
1.7656777364926485e-01
1.7656656590006201e-01
1.7656562598581987e-01
1.7656489663641969e-01
1.7656433232350477e-01
1.7656389696973648e-01
1.7656356207867746e-01
1.7656330521383665e-01
1.7656310876631756e-01
1.7656295896001239e-01
1.7656284505150732e-01
1.7656275868893703e-01
1.7656269340007166e-01
1.7656264418505654e-01
1.7656260719356645e-01
1.7656257946978463e-01
1.7656255875166768e-01
