8.1865217002044632e-02
8.2483627670407580e-02
8.3145136986636656e-02
8.3852088551267509e-02
8.4606897511060014e-02
8.5412048060854534e-02
8.6270090472296154e-02
8.7183637637539044e-02
8.8155361123657683e-02
8.9187986744705683e-02
9.0284289674782581e-02
9.1447089149380295e-02
9.2679242836852735e-02
9.3983641011441230e-02
9.5363200729742387e-02
9.6820860311549017e-02
9.8359574563596425e-02
9.9982311373469704e-02
1.0169205055618352e-01
1.0349178617603452e-01
1.0538453401214933e-01
1.0737334641040290e-01
1.0946133749002135e-01
1.1165172257094040e-01
1.1394787677267726e-01
1.1635341901091405e-01
1.1887232907042344e-01
1.2150910702300255e-01
1.2426898591245010e-01
1.2715821022636087e-01
1.3018439404348850e-01
1.3335697365078095e-01
1.3668776956545173e-01
1.4019167191075668e-01
1.4388746056310478e-01
1.4779876696580771e-01
1.5195517754908563e-01
1.5639346891959566e-01
1.6115895211761477e-01
1.6630688721359396e-01
1.7190391053504858e-01
1.7802939544936447e-01
1.8477664488282144e-01
1.9225379111888710e-01
2.0058425787019168e-01
2.0990662358814671e-01
2.2037371623158822e-01
2.3215077118896277e-01
2.4541249856838687e-01
2.6033893605117198e-01
2.7711001058263324e-01
2.9589879682997677e-01
3.1686354155110186e-01
3.4013861800277245e-01
3.6582467857903561e-01
3.9397838045219441e-01
4.2460215991543104e-01
4.5763461708943631e-01
4.9294213390946889e-01
5.3031237555094013e-01
5.6945031081114639e-01
6.0997732501424906e-01
6.5143388767202048e-01
6.9328607839056799e-01
7.3493607475906586e-01
7.7573647596077455e-01
8.1500809024657039e-01
8.5206057074302555e-01
8.8621506139542616e-01
9.1682783210374930e-01
9.4331375630526815e-01
9.6516842873988706e-01
9.8198774410815082e-01
9.9348386080499917e-01
9.9949665321427295e-01
1.0000000000000000e+00
9.9510254756883454e-01
9.8504290627502933e-01
9.7017955846430659e-01
9.5097605829234300e-01
9.2798236146103275e-01
9.0181332046295193e-01
8.7312550484975471e-01
8.4259355003781689e-01
8.1088720252727042e-01
7.7865012081293838e-01
7.4648132184783922e-01
7.1491994889990373e-01
6.8443379662709858e-01
6.5541178238431475e-01
6.2816031724715171e-01
6.0290332149511350e-01
5.7978545918331792e-01
5.5887804250286044e-01
5.4018698198995208e-01
5.2366213221486768e-01
5.0920739972452644e-01
4.9669103339439818e-01
4.8595559793457399e-01
4.7682722936611754e-01
4.6912387733475558e-01
4.6266234463043687e-01
4.5726403221619993e-01
4.5275938324326592e-01
4.4899108866072468e-01
4.4581616865581247e-01
4.4310707840367219e-01
4.4075200483361981e-01
4.3865452558145818e-01
4.3673279475295790e-01
4.3491840550754302e-01
4.3315505962216461e-01
4.3139715165390757e-01
4.2960835220074206e-01
4.2776025269151574e-01
4.2583111425747439e-01
4.2380474623585024e-01
4.2166952603430835e-01
4.1941756144256331e-01
4.1704398879376636e-01
4.1454639529171344e-01
4.1192435089549062e-01
4.0917903393636695e-01
4.0631293469805990e-01
4.0332962213235607e-01
4.0023356037901819e-01
3.9702996354865094e-01
3.9372467910984305e-01
3.9032409205488383e-01
3.8683504370783689e-01
3.8326476053027508e-01
3.7962078954912315e-01
3.7591093807517256e-01
3.7214321621189966e-01
3.6832578129315929e-01
3.6446688386062998e-01
3.6057481512446271e-01
3.5665785606959916e-01
3.5272422849976115e-01
3.4878204837243648e-01
3.4483928178944762e-01
3.4090370398391817e-01
3.3698286159777407e-01
3.3308403848381424e-01
3.2921422520008986e-01
3.2538009229714598e-01
3.2158796743434243e-01
3.1784381630246056e-01
3.1415322727760581e-01
3.1052139968678549e-01
3.0695313552865211e-01
3.0345283446356219e-01
3.0002449186483138e-01
2.9667169970723822e-01
2.9339765005871432e-01
2.9020514093600891e-01
2.8709658428418117e-01
2.8407401584234943e-01
2.8113910666356184e-01
2.7829317606435244e-01
2.7553720578900298e-01
2.7287185518428658e-01
2.7029747719213959e-01
2.6781413497997980e-01
2.6542161904098460e-01
2.6311946460935237e-01
2.6090696924821594e-01
2.5878321048031988e-01
2.5674706334371034e-01
2.5479721776643066e-01
2.5293219566551151e-01
2.5115036768634824e-01
2.4944996950883719e-01
2.4782911765638735e-01
2.4628582475311031e-01
2.4481801418313850e-01
2.4342353411410528e-01
2.4210017085437477e-01
2.4084566152061623e-01
2.3965770599881731e-01
2.3853397818780570e-01
2.3747213651984508e-01
2.3646983375787481e-01
2.3552472607351571e-01
2.3463448141406271e-01
2.3379678717036256e-01
2.3300935716073543e-01
2.3226993794897194e-01
2.3157631451693564e-01
2.3092631531443963e-01
2.3031781671087509e-01
2.2974874687455479e-01
2.2921708910692415e-01
2.2872088465970242e-01
2.2825823506366602e-01
2.2782730399819087e-01
2.2742631873085908e-01
2.2705357115641173e-01
2.2670741846412612e-01
2.2638628346232098e-01
