3.7330667210375951e-01
4.3792136240486312e-01
5.0913853551391441e-01
5.8429635185623408e-01
6.5938360303399224e-01
7.2927601586985902e-01
7.8797234990407383e-01
8.2390441791337199e-01
8.3893736504393823e-01
8.3532951261498001e-01
8.1717989558185056e-01
7.8945188733415028e-01
7.5699678023384609e-01
7.2272329603495467e-01
6.8664269152621982e-01
6.4715806655875086e-01
6.0307811945828138e-01
5.5399071602618533e-01
5.0063639952718531e-01
4.4556581370796555e-01
3.9243467079130351e-01
3.4311159770863120e-01
2.9885773838573809e-01
2.6038466055249437e-01
2.2791226255257344e-01
2.0261120615532419e-01
1.8258025957594212e-01
1.6745565002274959e-01
1.5685660887099864e-01
1.5032842381942399e-01
1.4728557219009603e-01
1.4697324130011039e-01
1.4731903126112031e-01
1.4777212954837704e-01
1.4829125487671230e-01
1.4901503836160165e-01
1.4993254778750248e-01
1.4999321346943376e-01
1.4906288340209367e-01
1.4797869088415508e-01
1.4753327317910006e-01
1.4810822509800634e-01
1.4930750832235193e-01
1.4967920365079937e-01
1.4922245539036416e-01
1.4867892805864505e-01
1.4858216098476690e-01
1.4918864076415150e-01
1.5040908025987099e-01
1.5285385412972188e-01
1.5749113472561466e-01
1.6527714420433237e-01
1.7694423773393611e-01
1.9301515520795404e-01
2.1381728771289785e-01
2.4071430004608937e-01
2.7221871748735488e-01
3.0758635270012441e-01
3.4556005991031152e-01
3.8438546195323425e-01
4.2182685436046391e-01
4.5358766987718740e-01
4.7884048289410708e-01
4.9780311153574458e-01
5.1167762740530864e-01
5.2225179444720160e-01
5.3150055206950819e-01
5.4067381691592897e-01
5.4899972440784561e-01
5.5495831299833054e-01
5.5730993435949605e-01
5.5547978410570931e-01
5.4994243251680552e-01
5.4337062187635177e-01
5.3988867434272447e-01
5.4205255961376964e-01
5.5164176501726425e-01
5.6955760082571416e-01
5.9572122525793236e-01
6.2973090521105224e-01
6.6684694249093990e-01
7.0479670505088998e-01
7.4213899935852523e-01
7.7839634872852870e-01
8.1418741918864945e-01
8.5159908364133352e-01
8.9062086722418510e-01
9.2903400228853594e-01
9.6311644565198784e-01
9.8832877553874721e-01
1.0000000000000000e+00
9.9139407435558924e-01
9.6957182303324863e-01
9.4013909732061862e-01
9.0921863132792335e-01
8.8265383441927658e-01
8.6521250987735254e-01
8.6238920988850620e-01
8.6978031705490522e-01
8.8376796143834302e-01
8.9993921629145024e-01
9.1376851321278474e-01
9.2130011631523256e-01
9.1895392417851995e-01
9.1128535118525278e-01
9.0185821108234521e-01
8.9383032080225044e-01
8.8947742534373764e-01
8.8971709314601699e-01
8.9393279741380072e-01
8.9887047050721347e-01
9.0318767766694408e-01
9.0614238554221127e-01
9.0742807900465783e-01
9.0700868616899144e-01
9.0435715917010762e-01
9.0017816118069094e-01
8.9537263364006470e-01
8.9112326227934180e-01
8.8856347146972037e-01
8.8844641857078011e-01
8.9051309416812763e-01
8.9246184642022308e-01
8.9324834629954075e-01
8.9265954100628309e-01
8.9119574537645474e-01
8.8995267427662950e-01
8.9025159144141774e-01
8.9122017688649313e-01
8.9162309025554531e-01
8.9048448746645814e-01
8.8735449530932697e-01
8.8257562703116432e-01
8.7756660684684207e-01
8.7325822217684745e-01
8.6916876213092342e-01
8.6437717648461243e-01
8.5792839384066277e-01
8.4923881683035973e-01
8.3896619304551756e-01
8.2957413635497212e-01
8.2235319406585761e-01
8.1775973085209896e-01
8.1541794996025452e-01
8.1412198818199466e-01
8.1150809692109860e-01
8.0667924436998273e-01
7.9994064736419990e-01
7.9212629674370461e-01
7.8434581976273110e-01
7.7773134249967379e-01
7.7363719089566252e-01
7.7162142903088926e-01
7.7131957595396483e-01
7.7225654501859797e-01
7.7391098314402840e-01
7.7577950680216889e-01
7.7730500084684084e-01
7.7830024555437982e-01
7.7873414091079951e-01
7.7865327792377004e-01
7.7816281831041345e-01
7.7740744795173644e-01
7.7656758528750991e-01
7.7580250723945754e-01
7.7515094129178941e-01
7.7460173392905296e-01
7.7409808484107412e-01
7.7354155982798800e-01
7.7269700560567411e-01
7.7144666111548132e-01
7.6969765416194302e-01
7.6740233149782255e-01
7.6456306840881827e-01
7.6123693076499543e-01
7.5752661647781416e-01
7.5376152308630151e-01
7.5014980528558595e-01
7.4688470215687719e-01
7.4413239517908469e-01
7.4201979247379646e-01
7.4078074903232927e-01
7.4018199999645917e-01
7.4010454502804002e-01
7.4039823951495765e-01
7.4089398081949409e-01
7.4141573224009194e-01
7.4171861804992867e-01
7.4171346913869474e-01
7.4136229568854661e-01
7.4066346008015183e-01
7.3964425596904859e-01
7.3835328081542217e-01
7.3680258808769139e-01
7.3506024963810079e-01
7.3307209124873929e-01
7.3072712363819403e-01
7.2785653923529359e-01
7.2423270895284997e-01
7.1916573769882308e-01
