3.3260246798659761e-26
1.1079974248442443e-25
3.6453258298672430e-25
1.1844542022234068e-24
3.8008830904735887e-24
1.2045783917449028e-23
3.7702482186789368e-23
1.1654378989240068e-22
3.5578910792421702e-22
1.0727054288021826e-21
3.1941302871075398e-21
9.3931031910659813e-21
2.7280346259907124e-20
7.8248312724923632e-20
2.2165850671261873e-19
6.2012343347107434e-19
1.7133898943591298e-18
4.6753979009721482e-18
1.2599847022173946e-17
3.3534843608379151e-17
8.8147828226088343e-17
2.2882910729823396e-16
5.8667182857149803e-16
1.4854687522183468e-15
3.7146348180505228e-15
9.1738798528486895e-15
2.2375579365241084e-14
5.3898893392029274e-14
1.2822411979333763e-13
3.0126170008993998e-13
6.9904065933484730e-13
1.6019363998030368e-12
3.6255376601879270e-12
8.1037099830728466e-12
1.7888736939359580e-11
3.8999566852370966e-11
8.3970010560268416e-11
1.7855538411657100e-10
3.7497819237638147e-10
7.7772021994548541e-10
1.5930341568425908e-09
3.2226348813355599e-09
6.4384516337780207e-09
1.2703871433948842e-08
2.4755691422635335e-08
4.7642917626809776e-08
9.0553649269071903e-08
1.6998002252150804e-07
3.1511866385043590e-07
5.7694536474598822e-07
1.0432288025751643e-06
1.8629824676853094e-06
3.2856574601155158e-06
5.7229522234989728e-06
9.8446951883848611e-06
1.6725100884133411e-05
2.8062059194015178e-05
4.6500181177176606e-05
7.6098145279899671e-05
1.2299227002171567e-04
1.9632060363806051e-04
3.0948404362425374e-04
4.8183124915420118e-04
7.4085971665484134e-04
1.1250227841781617e-03
1.6872171181643856e-03
2.4989924635701491e-03
3.6554701179327452e-03
5.2808745175423437e-03
7.5344711856214341e-03
1.0616564996339260e-02
1.4774050793873367e-02
2.0304835295001999e-02
2.7560282983914663e-02
3.6944704082490169e-02
4.8910829743567655e-02
6.3950241202065231e-02
8.2577867150158371e-02
1.0530996164704487e-01
1.3263543495883462e-01
1.6498102427547384e-01
2.0267152880678085e-01
2.4588713671932166e-01
2.9462065744547095e-01
3.4863814098962670e-01
4.0744680658865251e-01
4.7027431313540236e-01
5.3606310251574552e-01
6.0348279297254981e-01
6.7096240392854656e-01
7.3674262763615805e-01
7.9894655726581265e-01
8.5566541559424891e-01
9.0505411342855246e-01
9.4543011630398621e-01
9.7536829998902330e-01
9.9378436359179079e-01
1.0000000000000000e+00
9.9378436344555843e-01
9.7536829970197825e-01
9.4543011588663461e-01
9.0505411289584847e-01
8.5566541496470583e-01
7.9894655656043700e-01
7.3674262687729175e-01
6.7096240313870559e-01
6.0348279217334366e-01
5.3606310172694471e-01
4.7027431237420830e-01
4.0744680586919751e-01
3.4863814032271290e-01
2.9462065683853528e-01
2.4588713617659827e-01
2.0267152832962068e-01
1.6498102386277394e-01
1.3263543460753052e-01
1.0530996135262022e-01
8.2577866907136838e-02
6.3950241004453540e-02
4.8910829585231963e-02
3.6944703957455284e-02
2.7560282886584814e-02
2.0304835220307151e-02
1.4774050737350514e-02
1.0616564954160008e-02
7.5344711545785540e-03
5.2808744950074869e-03
3.6554701017960109e-03
2.4989924521708604e-03
1.6872171102197862e-03
1.1250227787152219e-03
7.4085971294832360e-04
4.8183124667270245e-04
3.0948404198482708e-04
1.9632060256920554e-04
1.2299226933399406e-04
7.6098144843192930e-05
4.6500180903482277e-05
2.8062059024716131e-05
1.6725100780769428e-05
9.8446951260943513e-06
5.7229521864459265e-06
3.2856574383591739e-06
1.8629824550752320e-06
1.0432287953602920e-06
5.7694536067099286e-07
3.1511866157836769e-07
1.6998002127090638e-07
9.0553648589512669e-08
4.7642917262263352e-08
2.4755691229570917e-08
1.2703871333004746e-08
6.4384515816711512e-09
3.2226348547803139e-09
1.5930341434812170e-09
7.7772021330802440e-10
3.7497818912094703e-10
1.7855538254013952e-10
8.3970009806557895e-11
3.8999566496573927e-11
1.7888736773526288e-11
8.1037099067570679e-12
3.6255376255112713e-12
1.6019363842455254e-12
6.9904065244311176e-13
3.0126169707552035e-13
1.2822411849145965e-13
5.3898892836855979e-14
2.2375579131473558e-14
9.1738797556553887e-15
3.7146347781488946e-15
1.4854687360432836e-15
5.8667182209697490e-16
2.2882910473920118e-16
8.8147827227345115e-17
3.3534843223484541e-17
1.2599846875705586e-17
4.6753978459345508e-18
1.7133898739373955e-18
6.2012342598864093e-19
2.2165850400545924e-19
7.8248311757748564e-20
2.7280345918698223e-20
9.3931030721997939e-21
3.1941302462169498e-21
1.0727054149118096e-21
3.5578910326477291e-22
1.1654378834898607e-22
3.7702481681938930e-23
1.2045783754379122e-23
3.8008830384597607e-24
1.1844541858402715e-24
3.6453257789093466e-25
1.1079974091925684e-25
3.3260246323927557e-26
9.8604445669117650e-27
2.8870336703278710e-27
8.3481745336501766e-28
2.3840508250048007e-28
6.7239398181063094e-29
