7.1078960265014521e-02
8.5043281389704434e-02
1.2478375588152556e-01
1.8769559403579270e-01
2.8234597821994833e-01
4.0269130838999140e-01
5.0624691644873487e-01
5.3961767241439185e-01
5.0682046356907229e-01
4.4254866423978284e-01
3.5565785087229262e-01
2.6129476799211987e-01
1.8441078893696267e-01
1.3379960224861176e-01
1.0563393606426187e-01
9.3319909615093094e-02
9.0575952558001563e-02
9.0503146146761373e-02
8.9078998119579783e-02
8.7680797368343513e-02
8.8073277475831047e-02
9.1671004810334855e-02
1.0240470492906872e-01
1.2568975919892109e-01
1.6769449650653948e-01
2.3482675693672592e-01
3.2707647547164775e-01
4.2335277993890574e-01
4.9082980939121484e-01
5.2595128529316482e-01
5.4099070839752661e-01
5.3358568906279258e-01
5.2615455808270606e-01
5.6523252483129149e-01
6.6544901610251661e-01
7.9168614612331523e-01
8.9929063842370838e-01
9.7847103871592944e-01
1.0000000000000000e+00
9.3066675367355722e-01
8.3478706984928075e-01
8.0280048901557743e-01
8.4593869432290780e-01
8.9881763423963967e-01
9.1368183339846654e-01
9.1104697982793648e-01
9.0703105550083385e-01
9.0239151432689946e-01
9.0791575117239864e-01
9.1021517826582288e-01
9.0411538851430640e-01
9.0522501713461279e-01
9.0585708848695856e-01
9.0592598851641781e-01
9.1071768684400756e-01
9.0242232546635470e-01
8.8536182605113689e-01
8.6988028037062781e-01
8.4704485425270593e-01
8.3017411170684474e-01
8.2917023880784757e-01
8.2188291173156225e-01
8.0256641398065898e-01
7.9037308427797981e-01
7.9235691868874292e-01
8.0025820569538586e-01
8.0569940947904450e-01
8.0625805850523291e-01
8.0403030741991433e-01
8.0201242408314144e-01
8.0156076739721560e-01
8.0162424374935648e-01
7.9958303569243550e-01
7.9324158186271410e-01
7.8282228552783861e-01
7.7141181601143305e-01
7.6293051708686166e-01
7.5949145412151553e-01
7.5992098165665478e-01
7.6114897677495519e-01
7.6065632865080413e-01
7.5821918017684564e-01
